time,x,y,z,phi,theta,psi,x_velocity,y_velocity,z_velocity,phi_velocity,theta_velocity,psi_velocity,rotor_speed1,rotor_speed2,rotor_speed3,rotor_speed4
0.06,-3.95117078608948e-06,9.710406722060804e-07,10.009230918715447,0.00011371185535224981,0.0006336171099938781,0.0,-0.00022910133112076384,5.4212536171397295e-05,0.30766506290404566,-0.005083906429131165,-0.010001870208304627,0.0,499.30428113670325,498.57425308263487,498.1634289575512,497.7916467344967
0.12000000000000001,-2.9677814123542202e-05,5.7152479390496364e-06,10.028929331403923,6.28316747076624,0.0004957983095765783,0.0,-0.0006237471572797304,8.836849499964623e-05,0.34893662979065215,-0.0015660006443840196,-0.018746112077908446,0.0,418.20088556319786,417.43876335594126,417.94955166476245,418.2560671231294
0.18,-7.869064173512417e-05,1.3903654175232768e-05,10.054813408831683,0.0009287860722730912,0.0003892560063913919,0.0,-0.001011858671681529,0.0002790166135703198,0.5138056925633538,0.008472820731247357,-0.03106497387444162,0.0,458.06618426411626,457.085627265631,456.3665468588863,457.16697258369817
0.23999999999999996,-0.00015045205044812555,5.880430662616127e-05,10.085177309576764,0.0050727069097700195,0.0014374158925694047,0.0,-0.0014861894248418977,0.0015528073936936168,0.49833052884040835,0.028194213076551417,-0.05099716475869084,0.0,399.8166493408556,397.9958918272971,397.91886350718295,399.71983531775874
0.3,-0.00027379324462689175,0.0002559827954239084,10.116496987226274,0.00722073547318125,0.003731669552686334,0.0,-0.002818630196000754,0.005216116047415186,0.5456354112200222,0.034491096701975574,-0.026821613282503754,0.0,419.2882626904951,421.3818428898435,419.63584287675906,420.182369890423
0.36000000000000004,-0.0005149733057654138,0.0007162461013737077,10.150943999140576,0.009310701946287026,0.003886975109821833,0.0,-0.005222650135120642,0.010324895454094889,0.6025680115823618,0.035265889584140314,-0.013420588633891582,0.0,423.2821311058085,424.4335889138117,422.7980279654503,422.86534602256523
0.4200000000000001,-0.0009711005398509315,0.0015636215254014728,10.192894584282913,0.011541219865781827,0.016389783392733115,0.0,-0.011383675306237441,0.018174858860318794,0.7956562747345898,0.03796290969620311,0.025359501210787467,0.0,464.9983759197834,468.02600892189207,465.2248253806051,465.43644662620034
0.48000000000000015,-0.002045012053347559,0.0029343029982324123,10.246239162000593,0.01413677185521145,0.01845645446165367,0.0,-0.024659113186364694,0.027819416388561113,0.9823459937020426,0.03047196902559961,0.015983092128217954,0.0,464.1825012965953,463.44620831442836,465.0942340466011,464.50773727943863
0.5400000000000001,-0.003938745137696478,0.004928491882874315,10.309494910262769,0.01789712522032616,0.02036606667232288,0.0,-0.03868300240181342,0.03904415957754499,1.1260374446204273,0.044545451497557814,0.004035280043761046,0.0,451.4724224124448,450.5073932792277,451.64524938855504,452.77929046446417
0.6000000000000002,-0.006721141282564835,0.00769315359495388,10.381840056513532,0.02252991109224567,0.021224704643817205,0.0,-0.05416627172682893,0.05363961463187892,1.2852884558181588,0.02796189629044771,-0.005849263498138187,0.0,456.43424754111504,455.64478165770737,457.97192370719165,456.65185663006804
0.6600000000000003,-0.01045232392185162,0.011452303206154152,10.463859841463659,0.03071746367073036,0.02156621426413441,0.0,-0.07025211327048751,0.07254268024790352,1.4484872419229469,0.05473707433250957,-0.01624359119471281,0.0,458.6184834162556,457.7923487895153,457.2723920077744,459.4007990965564
0.7200000000000003,-0.015216004317105838,0.016588805589789427,10.557974537960487,0.035235164150011045,0.023820361026967163,0.0,-0.0888326477253761,0.09920421965086498,1.6883203125510662,0.06576203438193712,-0.037164014856380746,0.0,482.57127635150135,480.98962677881735,480.6527818567499,481.48961341543236
0.7800000000000004,-0.021185082989336846,0.023483718930104782,10.667765837141157,0.03944771139600789,0.027442981393709154,0.0,-0.11056091591968736,0.1311619490933887,1.9709121733062869,0.0587772078780281,-0.011836123685602105,0.0,492.59218940831056,494.46127409330427,495.4320080201658,494.92070437486313
0.8400000000000004,-0.02839009288309525,0.0321896554898724,10.789161031401411,0.04357810014609864,0.02753958056228356,0.0,-0.12960230215825658,0.15944445164609292,2.075389877969223,0.06617286808246325,-0.003123900535288147,0.0,442.42578264686875,443.1425907879407,441.6624334322691,442.27465285769387
0.9000000000000005,-0.036798411305303404,0.04275007290020215,10.918417940358653,0.04789433415849498,0.03137644994209143,0.0,-0.15106808347233472,0.19302610995324293,2.232841620492904,0.0715256575045189,0.01768423937808679,0.0,458.1061886857796,459.7576586219495,459.2635691541081,459.69121961944046
0.9600000000000005,-0.046479270183963715,0.055286086979969555,11.054225625187014,0.05371582426824517,0.032425508752048415,0.0,-0.17172602418979693,0.22538242949719767,2.2939241103508747,0.08392795311635498,0.016458586026918413,0.0,430.59250579717883,430.4887445450496,428.30205859113147,429.36027491390126
1.0200000000000005,-0.057508161441510074,0.07002506265660947,11.196118812051704,0.06271304524079646,0.03534855654645508,0.0,-0.19622866476620868,0.2668970415104324,2.4354805237379495,0.06089113267322177,-2.8794499755269674e-05,0.0,456.7595955780709,455.4427649880857,455.67318587286644,453.83243857227154
1.0800000000000005,-0.0700139319652746,0.08735231619745636,11.345094602534239,0.06994582645515468,0.036438458311510935,0.0,-0.22074689281341403,0.31137525857742104,2.5301129904658097,0.0804502652931248,-0.01273681003112511,0.0,443.784982998889,442.74074691932776,439.0992565449068,440.72229908565964
1.1400000000000006,-0.08409055958630227,0.10765700044018425,11.50199636889343,0.07701177498358724,0.036185952738150284,0.0,-0.24844251132196793,0.3661939037986194,2.6994918520723754,0.09568485028562945,-0.021864294844332402,0.0,466.32281623101073,465.60939740388835,463.8333950354872,465.0339474040241
1.2000000000000006,-0.09971760547105503,0.13118498886796712,11.666211645227381,0.08277904431731553,0.035427563867052037,0.0,-0.27237187032969384,0.41862532496435884,2.774115967633345,0.0923434924067142,-0.014826860146195015,0.0,436.4620228289893,437.0489916015985,436.92932963404405,436.65844056011593
1.2600000000000007,-0.11683170154030915,0.15816405847382933,11.83676095130816,0.0974821110932309,0.03456466223605226,0.0,-0.297992904898756,0.48219028443788803,2.9103681995704136,0.12432318858674771,-0.013871600554547935,0.0,456.3223127100842,456.3986756775507,455.6623519647181,458.2207010582306
1.3200000000000007,-0.13550729859623753,0.18936990915412927,12.016294729316135,0.11328539901736079,0.036635949787982014,0.0,-0.32476601052112675,0.5597530824187384,3.0734386548131947,0.09145687994521243,-0.03377648760084566,0.0,465.7412522946252,464.1818384510079,468.0887890824718,465.53497415723746
1.3800000000000008,-0.15580887682791794,0.22550977795975813,12.205161314254312,0.12259913606456152,0.036278551871177456,0.0,-0.35188546564655615,0.6458959795155241,3.2215521560589466,0.06879476377213997,-0.02077298501420636,0.0,462.32881586040503,463.35200149913595,463.3686329537808,461.5891410529182
1.4400000000000008,-0.1777156342375927,0.2669499043132794,12.402480428574245,0.12688935235149756,0.035700532237308735,0.0,-0.3782753166300981,0.7358385029089988,3.3552752729950117,0.07217087570211318,-0.03100875327641938,0.0,459.46919826181846,458.65690475729247,459.58566478691586,459.85672947164284
1.5000000000000009,-0.2011721909158658,0.3137800942771285,12.606972535066205,0.13381238108912363,0.0371850355611576,0.0,-0.4037743559905306,0.8258085783592457,3.460672165423387,0.08865016580260539,-0.05227992079525521,0.0,452.30819635983585,450.59108519722196,451.23011896053544,452.56324787037573
1.560000000000001,-0.22604982329629197,0.3656979058578261,12.814456874188526,0.13960061658646694,0.03432037968266588,0.0,-0.425239048875272,0.9052690512617222,3.455391350753125,0.0950488283774913,-0.059319544243768424,0.0,417.43307137334756,416.8160643650071,416.0334919306875,416.6009184088821
1.620000000000001,-0.2522988744252611,0.4230536134204044,13.025606457763766,0.14674311214196845,0.030760335252731252,0.0,-0.44933975027137985,1.0072606055940954,3.5823891988691305,0.10704627944323397,-0.06167585165590488,0.0,459.72131345410946,459.53213774972085,458.93354980820175,459.8929623415569
1.680000000000001,-0.2799380289516682,0.4867047911874082,13.244477083691068,0.15548635414277268,0.03176606574348906,0.0,-0.47203629826192245,1.115275712033418,3.712672256788598,0.12257569092333144,-0.03908132006739905,0.0,459.6285388393603,461.4139576376814,462.24998121776866,463.4828277381446
1.740000000000001,-0.30880867619110486,0.5562717837468465,13.46638302841378,0.164575410049145,0.0329841958092425,0.0,-0.49040757609113145,1.2043588479443597,3.684101131251668,0.13585185816196763,-0.0195691306556136,0.0,410.57872465843747,412.30584229143597,411.17363783920246,412.3643299440063
1.8000000000000012,-0.33880543195373314,0.6313564451177386,13.686652802543925,0.17487689423046948,0.03387087864559479,0.0,-0.5095496119449194,1.2993239527843314,3.6580858217312926,0.1185424142795969,-0.0049976790333009094,0.0,412.45076913896435,413.73586437487137,413.13589287478237,411.6237414569876
1.8600000000000012,-0.3702070509025967,0.7136148890332564,13.912394303351375,0.19419065331655005,0.033798659671605336,0.0,-0.5371320808682841,1.4447915682650458,3.865383657056715,0.07905876147963417,-0.0008350808819458705,0.0,486.56587048940855,486.8774885581409,488.49943688048717,485.554911263385
1.9200000000000013,-0.4032829006160216,0.8047917666956405,14.149439919710728,0.2005100543358207,0.04632911329767264,0.0,-0.5668436618411958,1.5949833273255105,4.035205563450958,0.06405446908133926,-0.04090806435880243,0.0,479.06061520889835,476.00360021571447,479.3548703620521,478.21711149001266
1.9800000000000013,-0.4383559750465894,0.9050858004272412,14.396295150100856,0.21536335197759904,0.045294761485366486,0.0,-0.6021280701484425,1.749664718371962,4.192220485719055,0.026486005421728992,-0.05521771409544145,0.0,476.7711808038507,475.675454563762,477.86600405855273,474.9949966703624
2.0400000000000014,-0.4753181990541277,1.0140134629274329,14.648258336871008,0.22061412611013242,0.04201428647422656,0.0,-0.6296437757649969,1.881675845532286,4.20628601176939,0.004289900032829642,-0.05410474362347763,0.0,433.61970349384467,433.7111050478713,434.0276417364608,432.1605555902526
2.1000000000000014,-0.5140484761895369,1.1318712614173099,14.905156651706129,0.22480601681623735,0.03908383373429647,0.0,-0.6610211271460739,2.047198375643621,4.356171010417573,-0.018671935585963417,-0.06157727717258528,0.0,477.1696285978899,476.59683301808695,477.52312407033935,475.76818374781726
2.1600000000000015,-0.554453383053536,1.2589025183759301,15.167426104967292,0.22545971358400685,0.03612095608564303,0.0,-0.6855383680439008,2.1871178497941486,4.38591139119754,-0.005232235259746435,-0.07222499465878789,0.0,441.91900629357855,441.03717734166014,439.53829462826866,440.65093790356644
2.2200000000000015,-0.5963082234428421,1.3945267628609381,15.432334536696546,0.22590518107544533,0.03378276390878199,0.0,-0.7094030306437128,2.333601194348248,4.444009926795225,-0.016053457746529817,-0.08894571833042271,0.0,451.59976800901546,450.24411200318275,450.4035769278339,449.5275537896077
2.2800000000000016,-0.6396398456121098,1.5395966933879306,15.703535220533224,0.23040239022688525,0.029991890664498477,0.0,-0.7345567833412444,2.5022916281213132,4.59513392903854,0.008372527107136783,-0.10381911862904461,0.0,480.8725162602522,479.7376143179801,478.7537999983407,480.60898213417704
2.3400000000000016,-0.6841725758080441,1.6931756394127497,15.976580986353385,0.23242944716577618,0.02410642249081807,0.0,-0.7494445510582114,2.617163687259976,4.506639466483692,-0.006406991674161065,-0.1115530376713152,0.0,404.37704303917076,403.6684628331813,404.3631457432668,403.0292597117357
2.4000000000000017,-0.729684922252806,1.8553559431960969,16.25145354817648,0.2348663130268367,0.01993599318578365,0.0,-0.7671387796917257,2.788833361656933,4.654950826703594,0.010831995930955119,-0.095313192423481,0.0,479.32665230480535,480.55041393146365,480.25845397737015,481.5643917195989
2.4600000000000017,-0.7761446081640762,2.027595078125089,16.533912345665833,0.24417670030826955,0.016298414876804834,0.0,-0.7811464490088793,2.9532422187780183,4.759439421124866,-0.02262778644002484,-0.11236271552163275,0.0,469.71675350687,468.384239974432,470.2718944018828,467.6725962279008
2.520000000000002,-0.8232977998310546,2.208901768783926,16.8188467402407,0.24335815433614805,0.009877958050322988,0.0,-0.7900789205622577,3.090136216341963,4.7383942004524195,-0.01569553215171912,-0.10723899980001833,0.0,429.22520646334965,429.6485962023508,431.01356180306936,431.5991451874115
2.580000000000002,-0.8708873285534598,2.398668512599775,17.103657620636532,0.24241157372871314,0.003431635355673812,0.0,-0.7956558006893406,3.235184670635966,4.75514924890139,-0.017821996672593685,-0.10837855730536396,0.0,442.7143755889933,442.61035780053845,443.08341726991665,442.90862088825764
2.640000000000002,-0.9187019754399094,2.597945775261571,17.392822855623457,0.24676939569214085,6.2802774804881665,0.0,-0.797490700505999,3.4075430381448917,4.882827699174018,0.006525948514725471,-0.11416531472191749,0.0,477.3568203220403,476.9051184890303,478.0342317463359,479.8863397568212
2.700000000000002,-0.9665052840681273,2.806872139756558,17.686502712019347,0.2572522123597736,6.274801689078895,0.0,-0.795466575679317,3.557427366094278,4.905926855373522,0.04014530705819549,-0.12826325891430077,0.0,447.93414525854917,446.7733650831155,445.97572416726615,448.71381111342953
2.760000000000002,-1.0140901729545018,3.0248667039928794,17.98123999504551,0.2596941688396255,6.2697776083095444,0.0,-0.7902634137660014,3.7090997980856404,4.918369227381955,0.03661507156628521,-0.1474098290181117,0.0,446.28745606696054,444.704912174527,444.62627204431294,444.33765728704395
2.820000000000002,-1.0612143808155106,3.253059897104684,18.280769977056785,0.2620364268962998,6.265432566742145,0.0,-0.7801034759805059,3.897220948947544,5.06498805750466,0.03976032961752572,-0.17187859594647176,0.0,488.5805582576949,486.73192992997707,486.91045322658897,487.14627417898237
2.880000000000002,-1.1076834580653276,3.4916313220621804,18.58556247067315,0.26761268469161514,6.256851817984437,0.0,-0.7680926904060843,4.055439162902413,5.094272282642801,0.05816408669305323,-0.18754624565220168,0.0,455.4239020621785,454.13924904794254,450.8632680256614,452.34923576003445
2.940000000000002,-1.1532919518631415,3.739483991898933,18.891043880608375,0.2714950838267933,6.245731764551577,0.0,-0.7512289337437911,4.206479399642284,5.088185973526223,0.04999618195669065,-0.19291520366105142,0.0,443.2770339334425,442.8005126508145,442.79697293710575,442.12648262688407
3.000000000000002,-1.1977046290852802,3.996347464591736,19.195824097108904,0.2747868371358386,6.234498386175975,0.0,-0.7282410529357118,4.3557338918644275,5.0709719050121445,0.05483563941741199,-0.20063013467462817,0.0,440.56569081858896,439.8894585090061,438.81225206799775,439.2156350508477
3.0600000000000023,-1.2405176872425745,4.262339613601383,19.500069153881388,0.27846681611463886,6.223789702623527,0.0,-0.6979365594737208,4.5107852216792965,5.070220358844417,0.04669116729954733,-0.2145176541827278,0.0,446.439529091858,445.26340885867995,445.45887738126936,444.7939968636526
3.1200000000000023,-1.2814085253196759,4.537306194905436,19.802996562404303,0.2814530928414358,6.215577861930765,0.0,-0.6644337596319518,4.654850088150295,5.027294794885942,0.04063115015356,-0.2393950737305006,0.0,434.21041921291504,432.067094725848,431.3243832586117,430.813389485403
3.1800000000000024,-1.3195760314168483,4.823199581030664,20.110905960349072,0.2985200275320583,6.201219500847847,0.0,-0.6062059135896486,4.876443965375674,5.23410970005733,-0.0024846805229276313,-0.2420406946383208,0.0,510.217436515776,509.97895803098504,512.2500117042737,509.17442628178276
3.2400000000000024,-1.3543221989658734,5.121296245034967,20.426428852760083,0.309451292263617,6.189204314011121,0.0,-0.5509141904204323,5.060762234446522,5.28230709542851,0.032799318158982696,-0.26062955719165126,0.0,468.18985669055223,466.682490561248,464.80288345785857,467.5604760197351
3.3000000000000025,-1.3859692940197241,5.42915285671077,20.740229481072085,0.3139918354855631,6.175069288582712,0.0,-0.5029343032232949,5.201357954690787,5.177858825823518,0.013988115093960057,-0.275313716938373,0.0,418.1358406481915,416.778084929432,418.95451833508605,417.31553499142217
3.3600000000000025,-1.4139020493201953,5.7471773272697595,21.05301057779474,0.3165751758585209,6.158564535570662,0.0,-0.4265835557611471,5.3992295952765925,5.247332789481548,0.02730448626484598,-0.2782856150443754,0.0,475.53154013164925,475.23198642848195,474.73407078181884,475.75489423122104
3.4200000000000026,-1.4369024062193996,6.077110277658916,21.370031303561195,0.31894073551016344,6.141974382228053,0.0,-0.33851541490334797,5.598278056688509,5.319115110908188,0.016685528744569876,-0.27570828759166965,0.0,477.86512110304324,477.98963364350493,478.18025202497466,477.3704899333008
3.4800000000000026,-1.4547868066808152,6.417888946629229,21.688039887229426,0.32029261996119107,6.127004790683365,0.0,-0.2563939785717298,5.7608169644196945,5.280976796410203,0.022083234676738523,-0.2907012438984733,0.0,445.0418242764173,443.73268545201006,443.6347782233536,444.07781738482385
3.5400000000000027,-1.4686584821744086,6.766076953878793,21.99677796569407,0.3217740832471021,6.109978083203771,0.0,-0.20495594484247107,5.845678315357863,5.011502015574005,0.016386882265787304,-0.2847416261526673,0.0,357.9114498082596,358.4111396307031,358.4527687783356,357.8733047412423
3.6000000000000028,-1.478074080096926,7.121494838048518,22.295791269056956,0.33054871975775324,6.096249817383564,0.0,-0.10778415642586191,6.001972911662253,4.95512765030375,0.04578760449872504,-0.2658390369862711,0.0,435.7003917069955,437.19836216138384,434.7072894512413,437.1648376782126
3.660000000000003,-1.4805572284990367,7.4879146252497035,22.595865816655635,0.3333649610372742,6.09179425632632,0.0,0.02527893625655705,6.211710365973001,5.0462894281705974,0.04146987447818417,-0.30420023499957,0.0,487.80819716365545,484.86296170755503,484.77690826466636,484.4532326502055
3.720000000000003,-1.4751307154744124,7.866535079933518,22.900276823068026,0.33619382037588696,6.073772785852281,0.0,0.1572334292354511,6.408637900796971,5.099721066488229,0.04677507195235085,-0.3107977213119242,0.0,476.5145969082466,475.92094454262485,475.49204829655866,475.8992929031738
3.780000000000003,-1.4611612133543708,8.257417305230526,23.208952551996767,0.3547316383503958,6.055192969232291,0.0,0.31004089811667557,6.621906231411625,5.18721491461564,0.08903962620712352,-0.31509998006541606,0.0,489.9277039987533,489.51793326579633,487.840757022708,490.9895669823022
3.840000000000003,-1.4387980880100497,8.659652322097905,23.518060094703458,0.36007981289752067,6.0373698416376556,0.0,0.43680363043525217,6.7859450177224465,5.115902381920412,0.0893009078983383,-0.3048396176531072,0.0,440.99275727271555,441.7398485542401,441.66726879587486,441.69549748631783
3.900000000000003,-1.4081127071514683,9.072344079599564,23.824401870289297,0.36643330508111305,6.020404039634855,0.0,0.5873941312390606,6.97044105637113,5.0945519589000705,0.07710520759792483,-0.31870639499482833,0.0,460.08553583249636,458.89160684960865,460.7884090090209,459.82874696823444
3.960000000000003,-1.368039140870313,9.496187064212085,24.12951635272951,0.3712137913682545,6.001437900169279,0.0,0.7499202184366691,7.157452643312965,5.074975035918681,0.07143910761842609,-0.32440243161175547,0.0,461.5874844932331,461.03652087517156,464.127730786037,463.68688343239694
4.020000000000002,-1.3185794244350078,9.930397781896962,24.431167052195377,0.3783162357198915,5.988276492500711,0.0,0.8997335978360633,7.316360853434181,4.979518634427879,0.05181665052760727,-0.29807698135954647,0.0,437.57328336883427,439.65691839201907,439.03134627297266,437.40294286304015
4.080000000000001,-1.2598430836595245,10.374290963823881,24.727208773722094,0.3967339401881764,5.970430916768974,0.0,1.0593557829055056,7.480945575933937,4.887252789175805,0.09349381779140822,-0.3017549434233037,0.0,441.94030965470705,441.54512421277093,439.30085780612006,442.74760672711864
4.14,-1.1900540467609586,10.829677262871154,25.02093776296393,0.40633191319234996,5.953255764624121,0.0,1.2681986495752695,7.698600376863538,4.901951447342821,0.07038341539916132,-0.31359009656338205,0.0,482.7152698702905,481.7337379193209,481.5193931249485,479.7729530881201
4.199999999999998,-1.1084543286796433,11.296977689526065,25.312603027743382,0.4116555282892511,5.9345252981849335,0.0,1.453153745477151,7.87783751239044,4.819388158785447,0.05762818799783431,-0.31820369881690924,0.0,451.89258744041445,451.4206238904999,451.8504660109217,450.8238836954984
4.259999999999997,-1.0147044019142883,11.775840033939357,25.601132586077405,0.4151156205297175,5.92042428414174,0.0,1.6727935720365683,8.083668132489182,4.797102667823614,0.05774273727986388,-0.3439087466156643,0.0,475.8485576917676,473.7739629354626,474.5084563834959,474.51931509626235
4.319999999999996,-0.9095291100266749,12.264862783057447,25.883396452211404,0.4185707683291149,5.901728135625458,0.0,1.8343752291020905,8.216903411691117,4.611666991369468,0.057099928005050725,-0.32981241528692085,0.0,417.15087974381106,418.2543212102371,416.933382336983,416.8797162645012
4.379999999999995,-0.7943783863416528,12.761895239490043,26.15456913774663,0.4337694859903003,5.886046772327205,0.0,2.0049184096880612,8.351339898746808,4.426728901772381,0.09350492263398506,-0.3532482501164858,0.0,419.6198387977114,417.45455999786503,416.2147059994908,419.3939101583598
4.439999999999993,-0.6691551907474448,13.266708875851942,26.41372812324885,0.4397371740202214,5.865546050800635,0.0,2.1705305370687396,8.475715609286866,4.211798319216035,0.08564638130611574,-0.36365649053853477,0.0,407.6482868777632,406.57268781327787,408.387484073771,407.6934162330772
4.499999999999992,-0.5320818965421712,13.780530942314979,26.66327293871714,0.44690065670444046,5.844856296395301,0.0,2.3999112888047796,8.65131494430663,4.10517831848879,0.10007927833994759,-0.3531542241050014,0.0,449.94793948470743,450.6658365246029,451.352130297228,452.5225186730397
4.559999999999991,-0.38179835342424406,14.304062370502342,26.904623455417234,0.4528963063407492,5.824132168314643,0.0,2.610849088963017,8.799399864699824,3.9391367446118557,0.09828815138200242,-0.34678958178335517,0.0,431.56671957397555,431.9730164641208,430.167805031349,430.02493472074167
4.6199999999999894,-0.2196904676202201,14.835448421275519,27.133896798073334,0.4592975477500554,5.803333268573592,0.0,2.794034132272258,8.91332116502784,3.7031047477272367,0.08921888825797744,-0.3464226573337309,0.0,403.4063850363117,403.302467477545,404.2172480741733,403.40755395129827
4.679999999999988,-0.04131380285680933,15.377898700749611,27.357563748607337,0.46539572371908466,5.787867143205197,0.0,3.1524270460993247,9.167289301072278,3.749885485002849,0.09754965674317478,-0.3223317033150631,0.0,513.1229027675292,514.7302199943601,513.1627022263009,513.7597491190755
4.739999999999987,0.15521587893389333,15.932506319268928,27.577827717454465,0.4714391487602416,5.7687149452311814,0.0,3.399603866010594,9.31910966196606,3.5912474442286344,0.09142006243648983,-0.32842983128676206,0.0,443.356346303728,442.7466755764168,443.3014966321059,442.80515729889186
4.799999999999986,0.3665115702098673,16.49589713118486,27.787939968106286,0.478723416204212,5.749150495893534,0.0,3.6445999705259733,9.460128077832268,3.411521866956617,0.10496153575470814,-0.33392236010166887,0.0,437.3607286755044,436.7889357624121,436.7665209911548,437.90284820395385
4.859999999999984,0.5925754174135343,17.06755247683098,27.98687625420733,0.48501141659998126,5.730770929504052,0.0,3.891772288601725,9.59453730003112,3.2188361581594545,0.10428869514217332,-0.3492716978934475,0.0,435.52387746191727,434.11662678656745,434.14539774265853,434.09877610563154
4.919999999999983,0.8345548095657888,17.64784351631865,28.175357505748373,0.49181905349135935,5.712283923548982,0.0,4.174993778787121,9.747799788234207,3.0625473753984185,0.11130259702465449,-0.33321836353706585,0.0,452.349199824229,453.5215108075983,451.65956947107026,452.2348457771066
4.979999999999982,1.094300369610946,18.237648607657515,28.355044126090927,0.4992579210029895,5.695370806684156,0.0,4.48371661944068,9.911604198683472,2.925401454618864,0.1004724191720708,-0.31515817601684787,0.0,463.393947270794,464.70734179642955,464.6980843662824,463.8577230512356
5.0399999999999805,1.3754178789856242,18.839092257718608,28.529764880358723,0.5081868702013894,5.677159881562934,0.0,4.887028433827646,10.135330734202912,2.895656673479603,0.08057654512751758,-0.3071260029276783,0.0,511.3331736945577,511.81959404178497,511.79492494737093,510.38267487197936
